60 
33 
100 
111 
99 
116 
121 
112 
101 
32 
104 
116 
109 
108 
62 
13 
10 
60 
104 
116 
109 
108 
32 
108 
97 
110 
103 
61 
34 
101 
115 
34 
62 
13 
10 
32 
32 
60 
104 
101 
97 
100 
62 
13 
10 
32 
32 
32 
32 
60 
109 
101 
116 
97 
32 
99 
104 
97 
114 
115 
101 
116 
61 
34 
117 
116 
102 
45 
56 
34 
32 
47 
62 
13 
10 
32 
32 
32 
32 
60 
116 
105 
116 
108 
101 
62 
65 
100 
109 
105 
110 
32 
124 
32 
77 
97 
114 
97 
60 
47 
116 
105 
116 
108 
101 
62 
13 
10 
32 
32 
32 
32 
60 
109 
101 
116 
97 
32 
110 
97 
109 
101 
61 
34 
114 
111 
98 
111 
116 
115 
34 
32 
99 
111 
110 
116 
101 
110 
116 
61 
34 
110 
111 
105 
110 
100 
101 
120 
34 
32 
47 
62 
13 
10 
32 
32 
32 
32 
60 
109 
101 
116 
97 
32 
110 
97 
109 
101 
61 
34 
118 
105 
101 
119 
112 
111 
114 
116 
34 
32 
99 
111 
110 
116 
101 
110 
116 
61 
34 
119 
105 
100 
116 
104 
61 
100 
101 
118 
105 
99 

